solver_type MCSVM_CS
nr_class 2
label 0 1
nr_feature 777
bias -1
w
0.1315528031491426 -0.1315528031491426 
0.07480929017803045 -0.07480929017803048 
-0.0996105170051781 0.0996105170051781 
0.1522905250679494 -0.1522905250679495 
0.05962679330865044 -0.05962679330865046 
0.05962679330865044 -0.05962679330865046 
0.05962679330865044 -0.05962679330865046 
0.05962679330865044 -0.05962679330865046 
0.05962679330865044 -0.05962679330865046 
0.05962679330865044 -0.05962679330865046 
0.002883280337538357 -0.002883280337538383 
0.1141947173156583 -0.1141947173156583 
0.1426196099603386 -0.1426196099603385 
0.1141947173156583 -0.1141947173156583 
0.05962679330865044 -0.05962679330865046 
0.05962679330865044 -0.05962679330865046 
0.05962679330865044 -0.05962679330865046 
0.05962679330865044 -0.05962679330865046 
0.05962679330865044 -0.05962679330865046 
0.1141947173156583 -0.1141947173156583 
0.05962679330865044 -0.05962679330865046 
0.05962679330865044 -0.05962679330865046 
0.05962679330865044 -0.05962679330865046 
0.002883280337538357 -0.002883280337538383 
0.002883280337538357 -0.002883280337538383 
0.1004251477559605 -0.1004251477559605 
0.05962679330865044 -0.05962679330865046 
0.05962679330865044 -0.05962679330865046 
0.05962679330865044 -0.05962679330865046 
0.1315528031491426 -0.1315528031491426 
0.05306963539857961 -0.05306963539857964 
-0.0996105170051781 0.0996105170051781 
0.05962679330865044 -0.05962679330865046 
0.05962679330865044 -0.05962679330865046 
0.05962679330865044 -0.05962679330865046 
0.05962679330865044 -0.05962679330865046 
0.05962679330865044 -0.05962679330865046 
0.05962679330865044 -0.05962679330865046 
0.05962679330865044 -0.05962679330865046 
0.05962679330865044 -0.05962679330865046 
0.05962679330865044 -0.05962679330865046 
0.1141947173156583 -0.1141947173156583 
0.1141947173156583 -0.1141947173156583 
0.05962679330865044 -0.05962679330865046 
0.05962679330865044 -0.05962679330865046 
0.05962679330865044 -0.05962679330865046 
0.05962679330865044 -0.05962679330865046 
0.05962679330865044 -0.05962679330865046 
0.05962679330865044 -0.05962679330865046 
0.05962679330865044 -0.05962679330865046 
0.05962679330865044 -0.05962679330865046 
0.05962679330865044 -0.05962679330865046 
0.05962679330865044 -0.05962679330865046 
0.05962679330865044 -0.05962679330865046 
0.05962679330865044 -0.05962679330865046 
0.05962679330865044 -0.05962679330865046 
0.05962679330865044 -0.05962679330865046 
0.05962679330865044 -0.05962679330865046 
0.05962679330865044 -0.05962679330865046 
0.05962679330865044 -0.05962679330865046 
0.05962679330865044 -0.05962679330865046 
0.05962679330865044 -0.05962679330865046 
0.1141947173156583 -0.1141947173156583 
-0.01503211031415612 0.01503211031415613 
0.1472316557663068 -0.1472316557663068 
0.1472316557663068 -0.1472316557663068 
0.1472316557663068 -0.1472316557663068 
0.09536627845431786 -0.09536627845431786 
0.05456792400700781 -0.0545679240070078 
0.05456792400700781 -0.0545679240070078 
0.05456792400700781 -0.0545679240070078 
-0.1503541768844295 0.1503541768844296 
0.05456792400700781 -0.0545679240070078 
0.05456792400700781 -0.0545679240070078 
0.05456792400700781 -0.0545679240070078 
-0.03359836465247728 0.03359836465247729 
0.05456792400700781 -0.0545679240070078 
0.05456792400700781 -0.0545679240070078 
0.05456792400700781 -0.0545679240070078 
0.05456792400700781 -0.0545679240070078 
0.05456792400700781 -0.0545679240070078 
0.1286455315022428 -0.1286455315022428 
0.05456792400700781 -0.0545679240070078 
0.05456792400700781 -0.0545679240070078 
0.03683326699783283 -0.03683326699783283 
0.05456792400700781 -0.0545679240070078 
0.05456792400700781 -0.0545679240070078 
0.05456792400700781 -0.0545679240070078 
0.05456792400700781 -0.0545679240070078 
0.05456792400700781 -0.0545679240070078 
0.05456792400700781 -0.0545679240070078 
0.05456792400700781 -0.0545679240070078 
0.1472316557663068 -0.1472316557663068 
0.05456792400700781 -0.0545679240070078 
0.05456792400700781 -0.0545679240070078 
0.05456792400700781 -0.0545679240070078 
0.05456792400700781 -0.0545679240070078 
0.05456792400700781 -0.0545679240070078 
0.05456792400700781 -0.0545679240070078 
0.05456792400700781 -0.0545679240070078 
0.05456792400700781 -0.0545679240070078 
0.05456792400700781 -0.0545679240070078 
0.05456792400700781 -0.0545679240070078 
0.05456792400700781 -0.0545679240070078 
0.05456792400700781 -0.0545679240070078 
0.05456792400700781 -0.0545679240070078 
0.05456792400700781 -0.0545679240070078 
0.05456792400700781 -0.0545679240070078 
0.05456792400700781 -0.0545679240070078 
0.05456792400700781 -0.0545679240070078 
0.05456792400700781 -0.0545679240070078 
0.05456792400700781 -0.0545679240070078 
0.05456792400700781 -0.0545679240070078 
0.05456792400700781 -0.0545679240070078 
0.05456792400700781 -0.0545679240070078 
0.05456792400700781 -0.0545679240070078 
0.05456792400700781 -0.0545679240070078 
0.05456792400700781 -0.0545679240070078 
0.05456792400700781 -0.0545679240070078 
0.05456792400700781 -0.0545679240070078 
0.05186537731198897 -0.05186537731198896 
0.05186537731198897 -0.05186537731198896 
0.092663731759299 -0.09266373175929903 
0.092663731759299 -0.09266373175929903 
0.092663731759299 -0.09266373175929903 
0.092663731759299 -0.09266373175929903 
0.092663731759299 -0.09266373175929903 
0.092663731759299 -0.09266373175929903 
0.1273559121169062 -0.1273559121169062 
0.1273559121169062 -0.1273559121169062 
0.05186537731198897 -0.05186537731198896 
0.05186537731198897 -0.05186537731198896 
0.05186537731198897 -0.05186537731198896 
0.092663731759299 -0.09266373175929903 
0.05186537731198897 -0.05186537731198896 
0.092663731759299 -0.09266373175929903 
0.092663731759299 -0.09266373175929903 
0.092663731759299 -0.09266373175929903 
0.092663731759299 -0.09266373175929903 
0.092663731759299 -0.09266373175929903 
0.092663731759299 -0.09266373175929903 
0.1273559121169062 -0.1273559121169062 
0.05186537731198897 -0.05186537731198896 
0.04079835444731005 -0.04079835444731005 
0.00326291878716934 -0.003262918787169351 
-0.01594515852380203 0.01594515852380202 
0.04079835444731005 -0.04079835444731005 
0.04079835444731005 -0.04079835444731005 
0.04079835444731005 -0.04079835444731005 
0.195209121170595 -0.1952091211705951 
0.04079835444731005 -0.04079835444731005 
0.04079835444731005 -0.04079835444731005 
0.06922324709199033 -0.06922324709199035 
0.04079835444731005 -0.04079835444731005 
0.04079835444731005 -0.04079835444731005 
0.04079835444731005 -0.04079835444731005 
0.04079835444731005 -0.04079835444731005 
0.04079835444731005 -0.04079835444731005 
0.04079835444731005 -0.04079835444731005 
0.04079835444731005 -0.04079835444731005 
-0.06597944232032327 0.06597944232032327 
0.04079835444731005 -0.04079835444731005 
0.04079835444731005 -0.04079835444731005 
0.04079835444731005 -0.04079835444731005 
0.04079835444731005 -0.04079835444731005 
0.04079835444731005 -0.04079835444731005 
0.04079835444731005 -0.04079835444731005 
0.04079835444731005 -0.04079835444731005 
0.04079835444731005 -0.04079835444731005 
0.04079835444731005 -0.04079835444731005 
0.04079835444731005 -0.04079835444731005 
0.04079835444731005 -0.04079835444731005 
0.04079835444731005 -0.04079835444731005 
0.06438800070424797 -0.06438800070424798 
-0.04864534779620036 0.04864534779620036 
0.04079835444731005 -0.04079835444731005 
-0.06159787337435672 0.06159787337435672 
0.04079835444731005 -0.04079835444731005 
0.04079835444731005 -0.04079835444731005 
0.04079835444731005 -0.04079835444731005 
0.04079835444731005 -0.04079835444731005 
0.04079835444731005 -0.04079835444731005 
-0.02032672746976858 0.02032672746976858 
-0.01594515852380203 0.01594515852380202 
0.04079835444731005 -0.04079835444731005 
0.04079835444731005 -0.04079835444731005 
0.04079835444731005 -0.04079835444731005 
0.04079835444731005 -0.04079835444731005 
0.04079835444731005 -0.04079835444731005 
0.04079835444731005 -0.04079835444731005 
0.04079835444731005 -0.04079835444731005 
0.04079835444731005 -0.04079835444731005 
0.04079835444731005 -0.04079835444731005 
0.04079835444731005 -0.04079835444731005 
0.04079835444731005 -0.04079835444731005 
0.04079835444731005 -0.04079835444731005 
0.04079835444731005 -0.04079835444731005 
0.04079835444731005 -0.04079835444731005 
0.04079835444731005 -0.04079835444731005 
0.04079835444731005 -0.04079835444731005 
0.04079835444731005 -0.04079835444731005 
0.04079835444731005 -0.04079835444731005 
0.04079835444731005 -0.04079835444731005 
0.04079835444731005 -0.04079835444731005 
0.04079835444731005 -0.04079835444731005 
0.04079835444731005 -0.04079835444731005 
0.04079835444731005 -0.04079835444731005 
0.04079835444731005 -0.04079835444731005 
0.04079835444731005 -0.04079835444731005 
0.04079835444731005 -0.04079835444731005 
0.04079835444731005 -0.04079835444731005 
0.04079835444731005 -0.04079835444731005 
0.04079835444731005 -0.04079835444731005 
0.04079835444731005 -0.04079835444731005 
0.04079835444731005 -0.04079835444731005 
0.04079835444731005 -0.04079835444731005 
0.04079835444731005 -0.04079835444731005 
0.04079835444731005 -0.04079835444731005 
0.04079835444731005 -0.04079835444731005 
0.04079835444731005 -0.04079835444731005 
0.04079835444731005 -0.04079835444731005 
0.04079835444731005 -0.04079835444731005 
-0.002992632945645694 0.002992632945645672 
0.04079835444731005 -0.04079835444731005 
0.04079835444731005 -0.04079835444731005 
0.04079835444731005 -0.04079835444731005 
0.04079835444731005 -0.04079835444731005 
0.154410766723285 -0.154410766723285 
0.07407760749523497 -0.07407760749523498 
-0.1375039702908298 0.1375039702908298 
-0.01096053449294747 0.01096053449294751 
0.07407760749523497 -0.07407760749523498 
0.006191551526111218 -0.006191551526111202 
0.01733409452412289 -0.0173340945241229 
0.07407760749523497 -0.07407760749523498 
0.07407760749523497 -0.07407760749523498 
0.06381046640130074 -0.06381046640130078 
0.0003903010247716197 -0.0003903010247715852 
0.00447757317407104 -0.004477573174071048 
0.00447757317407104 -0.004477573174071048 
0.00447757317407104 -0.004477573174071048 
-0.01593536409925453 0.01593536409925453 
0.07407760749523497 -0.07407760749523498 
0.01295252557815634 -0.01295252557815635 
-0.2176858637188387 0.2176858637188387 
0.07407760749523497 -0.07407760749523498 
0.07407760749523497 -0.07407760749523498 
0.07407760749523497 -0.07407760749523498 
0.07407760749523497 -0.07407760749523498 
-0.03278451091902643 0.03278451091902643 
0.07407760749523497 -0.07407760749523498 
0.04927368142464088 -0.04927368142464088 
0.07407760749523497 -0.07407760749523498 
0.07407760749523497 -0.07407760749523498 
0.07407760749523497 -0.07407760749523498 
0.07407760749523497 -0.07407760749523498 
0.07407760749523497 -0.07407760749523498 
0.07407760749523497 -0.07407760749523498 
0.07407760749523497 -0.07407760749523498 
0.07407760749523497 -0.07407760749523498 
0.07407760749523497 -0.07407760749523498 
0.01372150198903044 -0.01372150198903045 
0.07407760749523497 -0.07407760749523498 
0.07407760749523497 -0.07407760749523498 
0.07407760749523497 -0.07407760749523498 
0.07407760749523497 -0.07407760749523498 
0.07407760749523497 -0.07407760749523498 
0.07407760749523497 -0.07407760749523498 
0.07407760749523497 -0.07407760749523498 
-0.1375039702908298 0.1375039702908298 
-0.01096053449294747 0.01096053449294751 
0.07407760749523497 -0.07407760749523498 
0.07407760749523497 -0.07407760749523498 
0.07407760749523497 -0.07407760749523498 
0.07407760749523497 -0.07407760749523498 
0.07407760749523497 -0.07407760749523498 
0.07407760749523497 -0.07407760749523498 
0.0003903010247716197 -0.0003903010247715852 
0.07407760749523497 -0.07407760749523498 
0.00447757317407104 -0.004477573174071048 
0.00447757317407104 -0.004477573174071048 
0.00447757317407104 -0.004477573174071048 
0.07407760749523497 -0.07407760749523498 
0.07407760749523497 -0.07407760749523498 
0.07407760749523497 -0.07407760749523498 
0.07407760749523497 -0.07407760749523498 
0.01295252557815634 -0.01295252557815635 
0.07407760749523497 -0.07407760749523498 
0.07407760749523497 -0.07407760749523498 
0.07407760749523497 -0.07407760749523498 
0.07407760749523497 -0.07407760749523498 
0.07407760749523497 -0.07407760749523498 
0.07407760749523497 -0.07407760749523498 
0.07407760749523497 -0.07407760749523498 
0.07407760749523497 -0.07407760749523498 
0.07407760749523497 -0.07407760749523498 
0.07407760749523497 -0.07407760749523498 
0.04927368142464088 -0.04927368142464088 
0.01372150198903044 -0.01372150198903045 
0.07407760749523497 -0.07407760749523498 
0.07407760749523497 -0.07407760749523498 
0.07407760749523497 -0.07407760749523498 
0.07407760749523497 -0.07407760749523498 
0.07407760749523497 -0.07407760749523498 
0.07407760749523497 -0.07407760749523498 
0.07407760749523497 -0.07407760749523498 
0.07407760749523497 -0.07407760749523498 
0.07407760749523497 -0.07407760749523498 
0.07407760749523497 -0.07407760749523498 
0.07407760749523497 -0.07407760749523498 
0.07407760749523497 -0.07407760749523498 
0.07407760749523497 -0.07407760749523498 
0.07407760749523497 -0.07407760749523498 
0.07407760749523497 -0.07407760749523498 
0.07407760749523497 -0.07407760749523498 
0.008940936217037143 -0.008940936217037145 
-0.07260650282466903 0.07260650282466903 
0.08033315922805001 -0.08033315922805 
0.08033315922805001 -0.08033315922805 
0.08033315922805001 -0.08033315922805 
0.08033315922805001 -0.08033315922805 
0.08033315922805001 -0.08033315922805 
0.08033315922805001 -0.08033315922805 
0.08033315922805001 -0.08033315922805 
0.08033315922805001 -0.08033315922805 
0.08033315922805001 -0.08033315922805 
0.08033315922805001 -0.08033315922805 
0.08033315922805001 -0.08033315922805 
0.08033315922805001 -0.08033315922805 
0.08033315922805001 -0.08033315922805 
0.01997705372184547 -0.01997705372184547 
0.08033315922805001 -0.08033315922805 
0.01920807731097137 -0.01920807731097137 
0.08033315922805001 -0.08033315922805 
-0.0375354356601407 0.03753543566014068 
0.08033315922805001 -0.08033315922805 
0.008940936217037143 -0.008940936217037145 
0.08033315922805001 -0.08033315922805 
0.08033315922805001 -0.08033315922805 
0.08033315922805001 -0.08033315922805 
0.08033315922805001 -0.08033315922805 
0.08033315922805001 -0.08033315922805 
0.08033315922805001 -0.08033315922805 
0.08033315922805001 -0.08033315922805 
0.08033315922805001 -0.08033315922805 
0.08033315922805001 -0.08033315922805 
0.08033315922805001 -0.08033315922805 
0.08033315922805001 -0.08033315922805 
0.08033315922805001 -0.08033315922805 
0.08033315922805001 -0.08033315922805 
0.08033315922805001 -0.08033315922805 
0.08033315922805001 -0.08033315922805 
0.08033315922805001 -0.08033315922805 
0.08033315922805001 -0.08033315922805 
0.08033315922805001 -0.08033315922805 
0.08033315922805001 -0.08033315922805 
0.08033315922805001 -0.08033315922805 
0.08033315922805001 -0.08033315922805 
0.08033315922805001 -0.08033315922805 
0.08033315922805001 -0.08033315922805 
0.08033315922805001 -0.08033315922805 
0.08033315922805001 -0.08033315922805 
0.2022594386332966 -0.2022594386332966 
0.2022594386332966 -0.2022594386332966 
0.1237762708827336 -0.1237762708827337 
0.2022594386332966 -0.2022594386332966 
0.1237762708827336 -0.1237762708827337 
0.1237762708827336 -0.1237762708827337 
0.06342016537652911 -0.06342016537652916 
0.1237762708827336 -0.1237762708827337 
0.1237762708827336 -0.1237762708827337 
0.1237762708827336 -0.1237762708827337 
0.2022594386332966 -0.2022594386332966 
0.2022594386332966 -0.2022594386332966 
0.1237762708827336 -0.1237762708827337 
0.1237762708827336 -0.1237762708827337 
0.1237762708827336 -0.1237762708827337 
0.1237762708827336 -0.1237762708827337 
0.1237762708827336 -0.1237762708827337 
0.07848316775056294 -0.07848316775056292 
0.07848316775056294 -0.07848316775056292 
0.07848316775056294 -0.07848316775056292 
0.07848316775056294 -0.07848316775056292 
0.0181270622443584 -0.01812706224435839 
0.07848316775056294 -0.07848316775056292 
0.07848316775056294 -0.07848316775056292 
0.07848316775056294 -0.07848316775056292 
0.04156544270125524 -0.04156544270125524 
0.07848316775056294 -0.07848316775056292 
0.07848316775056294 -0.07848316775056292 
0.02173965477945086 -0.02173965477945085 
0.02173965477945086 -0.02173965477945085 
-0.03938542713762778 0.03938542713762778 
0.07848316775056294 -0.07848316775056292 
0.07848316775056294 -0.07848316775056292 
0.07848316775056294 -0.07848316775056292 
0.07848316775056294 -0.07848316775056292 
0.07848316775056294 -0.07848316775056292 
0.07848316775056294 -0.07848316775056292 
0.07848316775056294 -0.07848316775056292 
0.07848316775056294 -0.07848316775056292 
0.07848316775056294 -0.07848316775056292 
0.07848316775056294 -0.07848316775056292 
0.0173580858334843 -0.01735808583348429 
0.07848316775056294 -0.07848316775056292 
0.07848316775056294 -0.07848316775056292 
0.07848316775056294 -0.07848316775056292 
0.07848316775056294 -0.07848316775056292 
0.07848316775056294 -0.07848316775056292 
0.07848316775056294 -0.07848316775056292 
0.07848316775056294 -0.07848316775056292 
0.07848316775056294 -0.07848316775056292 
0.02173965477945086 -0.02173965477945085 
-0.1048037810184314 0.1048037810184315 
-0.1048037810184314 0.1048037810184315 
-0.1048037810184314 0.1048037810184315 
-0.1048037810184314 0.1048037810184315 
-0.1048037810184314 0.1048037810184315 
-0.1048037810184314 0.1048037810184315 
-0.06788605596912375 0.06788605596912377 
-0.04308212989852967 0.04308212989852968 
-0.04308212989852967 0.04308212989852968 
-0.04308212989852967 0.04308212989852968 
-0.04308212989852967 0.04308212989852968 
-0.04308212989852967 0.04308212989852968 
-0.06788605596912375 0.06788605596912377 
-0.04308212989852967 0.04308212989852968 
-0.04308212989852967 0.04308212989852968 
-0.04308212989852967 0.04308212989852968 
-0.1048037810184314 0.1048037810184315 
-0.1048037810184314 0.1048037810184315 
-0.1048037810184314 0.1048037810184315 
-0.1048037810184314 0.1048037810184315 
-0.1048037810184314 0.1048037810184315 
-0.1048037810184314 0.1048037810184315 
-0.1048037810184314 0.1048037810184315 
-0.06788605596912375 0.06788605596912377 
-0.06788605596912375 0.06788605596912377 
-0.04308212989852967 0.04308212989852968 
-0.04308212989852967 0.04308212989852968 
-0.04308212989852967 0.04308212989852968 
-0.04308212989852967 0.04308212989852968 
-0.04308212989852967 0.04308212989852968 
-0.04308212989852967 0.04308212989852968 
-0.04308212989852967 0.04308212989852968 
-0.06788605596912375 0.06788605596912377 
-0.06788605596912375 0.06788605596912377 
-0.04308212989852967 0.04308212989852968 
-0.04308212989852967 0.04308212989852968 
-0.04308212989852967 0.04308212989852968 
-0.04308212989852967 0.04308212989852968 
-0.04308212989852967 0.04308212989852968 
-0.04308212989852967 0.04308212989852968 
-0.04308212989852967 0.04308212989852968 
-0.02480392607059409 0.0248039260705941 
-0.02480392607059409 0.0248039260705941 
-0.1916777909472702 0.1916777909472702 
-0.07045664092114877 0.07045664092114878 
-0.02480392607059409 0.0248039260705941 
-0.1419035445479107 0.1419035445479107 
-0.02480392607059409 0.0248039260705941 
-0.02480392607059409 0.0248039260705941 
-0.02480392607059409 0.0248039260705941 
-0.02480392607059409 0.0248039260705941 
-0.02480392607059409 0.0248039260705941 
-0.02480392607059409 0.0248039260705941 
-0.02480392607059409 0.0248039260705941 
-0.02480392607059409 0.0248039260705941 
-0.02480392607059409 0.0248039260705941 
-0.02480392607059409 0.0248039260705941 
-0.08516003157679863 0.08516003157679863 
-0.02480392607059409 0.0248039260705941 
-0.08154743904170619 0.08154743904170618 
-0.02480392607059409 0.0248039260705941 
-0.06960003432116393 0.06960003432116393 
-0.06960003432116393 0.06960003432116393 
-0.1299561398273685 0.1299561398273685 
-0.1299561398273685 0.1299561398273685 
-0.06960003432116393 0.06960003432116393 
-0.06960003432116393 0.06960003432116393 
-0.06960003432116393 0.06960003432116393 
-0.1065177593704716 0.1065177593704716 
-0.06960003432116393 0.06960003432116393 
-0.06960003432116393 0.06960003432116393 
-0.06960003432116393 0.06960003432116393 
-0.126343547292276 0.126343547292276 
-0.06960003432116393 0.06960003432116393 
-0.06960003432116393 0.06960003432116393 
-0.06960003432116393 0.06960003432116393 
-0.1065177593704716 0.1065177593704716 
-0.06960003432116393 0.06960003432116393 
-0.06960003432116393 0.06960003432116393 
-0.06960003432116393 0.06960003432116393 
-0.06960003432116393 0.06960003432116393 
-0.06960003432116393 0.06960003432116393 
-0.06960003432116393 0.06960003432116393 
-0.1299561398273685 0.1299561398273685 
-0.1299561398273685 0.1299561398273685 
-0.1299561398273685 0.1299561398273685 
-0.06960003432116393 0.06960003432116393 
-0.06960003432116393 0.06960003432116393 
-0.06960003432116393 0.06960003432116393 
-0.06960003432116393 0.06960003432116393 
-0.06960003432116393 0.06960003432116393 
-0.06960003432116393 0.06960003432116393 
-0.06960003432116393 0.06960003432116393 
-0.06960003432116393 0.06960003432116393 
-0.06960003432116393 0.06960003432116393 
-0.06960003432116393 0.06960003432116393 
-0.06960003432116393 0.06960003432116393 
-0.06960003432116393 0.06960003432116393 
-0.06960003432116393 0.06960003432116393 
-0.06960003432116393 0.06960003432116393 
-0.06960003432116393 0.06960003432116393 
-0.06960003432116393 0.06960003432116393 
-0.06960003432116393 0.06960003432116393 
-0.06960003432116393 0.06960003432116393 
-0.06960003432116393 0.06960003432116393 
-0.06960003432116393 0.06960003432116393 
-0.06960003432116393 0.06960003432116393 
-0.04565271485055467 0.04565271485055469 
-0.04565271485055467 0.04565271485055469 
-0.04565271485055467 0.04565271485055469 
-0.08257043989986236 0.08257043989986237 
-0.04565271485055467 0.04565271485055469 
-0.04565271485055467 0.04565271485055469 
-0.04565271485055467 0.04565271485055469 
-0.04565271485055467 0.04565271485055469 
-0.04565271485055467 0.04565271485055469 
-0.04565271485055467 0.04565271485055469 
-0.04565271485055467 0.04565271485055469 
-0.04565271485055467 0.04565271485055469 
-0.04565271485055467 0.04565271485055469 
-0.1067777967676333 0.1067777967676333 
-0.04565271485055467 0.04565271485055469 
-0.04565271485055467 0.04565271485055469 
-0.04565271485055467 0.04565271485055469 
-0.04565271485055467 0.04565271485055469 
-0.04565271485055467 0.04565271485055469 
-0.04565271485055467 0.04565271485055469 
-0.04565271485055467 0.04565271485055469 
-0.04565271485055467 0.04565271485055469 
-0.1023962278216668 0.1023962278216668 
-0.04565271485055467 0.04565271485055469 
-0.04565271485055467 0.04565271485055469 
-0.04565271485055467 0.04565271485055469 
-0.1635213097387454 0.1635213097387454 
-0.04565271485055467 0.04565271485055469 
-0.1635213097387454 0.1635213097387454 
-0.04565271485055467 0.04565271485055469 
-0.04565271485055467 0.04565271485055469 
-0.04565271485055467 0.04565271485055469 
-0.04565271485055467 0.04565271485055469 
-0.04565271485055467 0.04565271485055469 
-0.04565271485055467 0.04565271485055469 
-0.04565271485055467 0.04565271485055469 
-0.04565271485055467 0.04565271485055469 
-0.04565271485055467 0.04565271485055469 
-0.04565271485055467 0.04565271485055469 
-0.04565271485055467 0.04565271485055469 
-0.04565271485055467 0.04565271485055469 
-0.04565271485055467 0.04565271485055469 
-0.04565271485055467 0.04565271485055469 
-0.04565271485055467 0.04565271485055469 
-0.04565271485055467 0.04565271485055469 
-0.04565271485055467 0.04565271485055469 
-0.04565271485055467 0.04565271485055469 
-0.04565271485055467 0.04565271485055469 
-0.04565271485055467 0.04565271485055469 
-0.04565271485055467 0.04565271485055469 
-0.04565271485055467 0.04565271485055469 
-0.04565271485055467 0.04565271485055469 
-0.04565271485055467 0.04565271485055469 
-0.04565271485055467 0.04565271485055469 
-0.04565271485055467 0.04565271485055469 
-0.04565271485055467 0.04565271485055469 
-0.04565271485055467 0.04565271485055469 
-0.04565271485055467 0.04565271485055469 
-0.04565271485055467 0.04565271485055469 
-0.04565271485055467 0.04565271485055469 
-0.04565271485055467 0.04565271485055469 
-0.04565271485055467 0.04565271485055469 
-0.04565271485055467 0.04565271485055469 
-0.04565271485055467 0.04565271485055469 
-0.04565271485055467 0.04565271485055469 
-0.04565271485055467 0.04565271485055469 
-0.04565271485055467 0.04565271485055469 
-0.1023962278216668 0.1023962278216668 
-0.1635213097387454 0.1635213097387454 
-0.04565271485055467 0.04565271485055469 
-0.04565271485055467 0.04565271485055469 
-0.04565271485055467 0.04565271485055469 
-0.04565271485055467 0.04565271485055469 
-0.04565271485055467 0.04565271485055469 
-0.06035610550620453 0.06035610550620453 
-0.1214811874232832 0.1214811874232832 
-0.06035610550620453 0.06035610550620453 
-0.06035610550620453 0.06035610550620453 
-0.06035610550620453 0.06035610550620453 
-0.1583989124725909 0.1583989124725908 
-0.06035610550620453 0.06035610550620453 
-0.06035610550620453 0.06035610550620453 
-0.06035610550620453 0.06035610550620453 
-0.06035610550620453 0.06035610550620453 
-0.06035610550620453 0.06035610550620453 
-0.06035610550620453 0.06035610550620453 
-0.06035610550620453 0.06035610550620453 
-0.06035610550620453 0.06035610550620453 
-0.06035610550620453 0.06035610550620453 
-0.06035610550620453 0.06035610550620453 
-0.06035610550620453 0.06035610550620453 
-0.06035610550620453 0.06035610550620453 
-0.06035610550620453 0.06035610550620453 
-0.06035610550620453 0.06035610550620453 
-0.09727383055551221 0.09727383055551223 
-0.06035610550620453 0.06035610550620453 
-0.06035610550620453 0.06035610550620453 
-0.06035610550620453 0.06035610550620453 
-0.06035610550620453 0.06035610550620453 
-0.06035610550620453 0.06035610550620453 
-0.06035610550620453 0.06035610550620453 
-0.06035610550620453 0.06035610550620453 
-0.06035610550620453 0.06035610550620453 
-0.06035610550620453 0.06035610550620453 
-0.06035610550620453 0.06035610550620453 
-0.06035610550620453 0.06035610550620453 
-0.1178685948881907 0.1178685948881907 
-0.05674351297111208 0.05674351297111208 
-0.05674351297111208 0.05674351297111208 
-0.05674351297111208 0.05674351297111208 
-0.05674351297111208 0.05674351297111208 
-0.05674351297111208 0.05674351297111208 
-0.05674351297111208 0.05674351297111208 
-0.1178685948881907 0.1178685948881907 
-0.05674351297111208 0.05674351297111208 
-0.05674351297111208 0.05674351297111208 
-0.05674351297111208 0.05674351297111208 
-0.1178685948881907 0.1178685948881907 
-0.05674351297111208 0.05674351297111208 
-0.05674351297111208 0.05674351297111208 
-0.05674351297111208 0.05674351297111208 
-0.05674351297111208 0.05674351297111208 
-0.1178685948881907 0.1178685948881907 
-0.05674351297111208 0.05674351297111208 
-0.05674351297111208 0.05674351297111208 
-0.05674351297111208 0.05674351297111208 
-0.05674351297111208 0.05674351297111208 
-0.05674351297111208 0.05674351297111208 
-0.05674351297111208 0.05674351297111208 
-0.05674351297111208 0.05674351297111208 
-0.05674351297111208 0.05674351297111208 
-0.05674351297111208 0.05674351297111208 
-0.05674351297111208 0.05674351297111208 
-0.05674351297111208 0.05674351297111208 
-0.1178685948881907 0.1178685948881907 
-0.1178685948881907 0.1178685948881907 
-0.05674351297111208 0.05674351297111208 
-0.05674351297111208 0.05674351297111208 
-0.05674351297111208 0.05674351297111208 
-0.05674351297111208 0.05674351297111208 
-0.05674351297111208 0.05674351297111208 
-0.05674351297111208 0.05674351297111208 
-0.05674351297111208 0.05674351297111208 
-0.05674351297111208 0.05674351297111208 
-0.05674351297111208 0.05674351297111208 
-0.1178685948881907 0.1178685948881907 
-0.05674351297111208 0.05674351297111208 
-0.05674351297111208 0.05674351297111208 
-0.05674351297111208 0.05674351297111208 
-0.05674351297111208 0.05674351297111208 
-0.05674351297111208 0.05674351297111208 
-0.05674351297111208 0.05674351297111208 
-0.05674351297111208 0.05674351297111208 
-0.05674351297111208 0.05674351297111208 
-0.05674351297111208 0.05674351297111208 
-0.05674351297111208 0.05674351297111208 
-0.05674351297111208 0.05674351297111208 
-0.06112508191707863 0.06112508191707863 
-0.06112508191707863 0.06112508191707863 
-0.06112508191707863 0.06112508191707863 
-0.06112508191707863 0.06112508191707863 
-0.06112508191707863 0.06112508191707863 
-0.06112508191707863 0.06112508191707863 
-0.06112508191707863 0.06112508191707863 
-0.06112508191707863 0.06112508191707863 
-0.06112508191707863 0.06112508191707863 
-0.06112508191707863 0.06112508191707863 
-0.06112508191707863 0.06112508191707863 
-0.06112508191707863 0.06112508191707863 
-0.06112508191707863 0.06112508191707863 
-0.06112508191707863 0.06112508191707863 
-0.06112508191707863 0.06112508191707863 
-0.06112508191707863 0.06112508191707863 
-0.06112508191707863 0.06112508191707863 
-0.06112508191707863 0.06112508191707863 
-0.06112508191707863 0.06112508191707863 
-0.06112508191707863 0.06112508191707863 
-0.06112508191707863 0.06112508191707863 
-0.06112508191707863 0.06112508191707863 
-0.06112508191707863 0.06112508191707863 
-0.06112508191707863 0.06112508191707863 
-0.06112508191707863 0.06112508191707863 
-0.06112508191707863 0.06112508191707863 
-0.06112508191707863 0.06112508191707863 
-0.06112508191707863 0.06112508191707863 
-0.06112508191707863 0.06112508191707863 
-0.06112508191707863 0.06112508191707863 
-0.06112508191707863 0.06112508191707863 
-0.06112508191707863 0.06112508191707863 
-0.06112508191707863 0.06112508191707863 
-0.06112508191707863 0.06112508191707863 
-0.06112508191707863 0.06112508191707863 
-0.06112508191707863 0.06112508191707863 
-0.06112508191707863 0.06112508191707863 
-0.06112508191707863 0.06112508191707863 
-0.06112508191707863 0.06112508191707863 
-0.06112508191707863 0.06112508191707863 
-0.06112508191707863 0.06112508191707863 
-0.03691772504930769 0.03691772504930769 
-0.03691772504930769 0.03691772504930769 
-0.03691772504930769 0.03691772504930769 
-0.03691772504930769 0.03691772504930769 
-0.03691772504930769 0.03691772504930769 
-0.03691772504930769 0.03691772504930769 
-0.03691772504930769 0.03691772504930769 
-0.03691772504930769 0.03691772504930769 
-0.03691772504930769 0.03691772504930769 
-0.03691772504930769 0.03691772504930769 
-0.03691772504930769 0.03691772504930769 
-0.03691772504930769 0.03691772504930769 
-0.03691772504930769 0.03691772504930769 
-0.03691772504930769 0.03691772504930769 
-0.03691772504930769 0.03691772504930769 
-0.03691772504930769 0.03691772504930769 
-0.03691772504930769 0.03691772504930769 
-0.03691772504930769 0.03691772504930769 
-0.03691772504930769 0.03691772504930769 
-0.03691772504930769 0.03691772504930769 
-0.03691772504930769 0.03691772504930769 
-0.03691772504930769 0.03691772504930769 
-0.03691772504930769 0.03691772504930769 
-0.03691772504930769 0.03691772504930769 
-0.03691772504930769 0.03691772504930769 
-0.03691772504930769 0.03691772504930769 
-0.03691772504930769 0.03691772504930769 
-0.03691772504930769 0.03691772504930769 
-0.03691772504930769 0.03691772504930769 
-0.03691772504930769 0.03691772504930769 
-0.03691772504930769 0.03691772504930769 
-0.03691772504930769 0.03691772504930769 
-0.03691772504930769 0.03691772504930769 
-0.03691772504930769 0.03691772504930769 
-0.03691772504930769 0.03691772504930769 
-0.03691772504930769 0.03691772504930769 
-0.03691772504930769 0.03691772504930769 
-0.03691772504930769 0.03691772504930769 
-0.03691772504930769 0.03691772504930769 
-0.03691772504930769 0.03691772504930769 
-0.03691772504930769 0.03691772504930769 
-0.03691772504930769 0.03691772504930769 
-0.03691772504930769 0.03691772504930769 
-0.03691772504930769 0.03691772504930769 
-0.03691772504930769 0.03691772504930769 
-0.03691772504930769 0.03691772504930769 
-0.03691772504930769 0.03691772504930769 
-0.03691772504930769 0.03691772504930769 
-0.03691772504930769 0.03691772504930769 
-0.03691772504930769 0.03691772504930769 
-0.03691772504930769 0.03691772504930769 
-0.03691772504930769 0.03691772504930769 
-0.03691772504930769 0.03691772504930769 
-0.03691772504930769 0.03691772504930769 
-0.03691772504930769 0.03691772504930769 
-0.03691772504930769 0.03691772504930769 
-0.03691772504930769 0.03691772504930769 
-0.03691772504930769 0.03691772504930769 
-0.03691772504930769 0.03691772504930769 
